|   plateifu|            lag_w1|            amp_w1|          const_w1|            lag_w2|             amp_w2|          const_w2|   lag_w1_yerr_min|   lag_w1_yerr_max|   lag_w2_yerr_min|   lag_w2_yerr_max|
|       char|            double|            double|            double|            double|             double|            double|            double|            double|            double|            double|
|           |                  |                  |                  |                  |                   |                  |                  |                  |                  |                  |
|       null|              null|              null|              null|              null|               null|              null|              null|              null|              null|              null|
  10223-3701          80.353284  5.612946823934482 13.490747035946677        132.9481608   7.204759294518239 13.634898991196257  7.820984700183217  8.539209479480029 6.6540652661227355  6.875982479031565 
   9000-1901                0.0 1.9013507868307096 13.965150492470839         33.6022824   2.020823057755979 13.888883889184887  12.42337868294742 11.848252839848238 13.179979751705051 13.392403295614386 
   7977-9101         17.5316256 1.1953787278363595 14.231139129001791  84.73619040000001  1.5587900515557804  14.51728632378981 22.049831569611438 24.499588479241716   27.7951167439588 25.194908542651632 
   9186-9101         78.8923152 0.7857959464340765 13.411106361140826  96.42394080000001  0.7037030357706712 13.380107005455354 14.605478302496191 15.524517152911516 20.374706503818874 26.437188476454846 
   8091-6101 29.219376000000004 0.9668701176090825  14.02215346910758         88.3886124  1.2605725153640093 14.097740414633677  34.82380269568833  34.95731420024324  30.17515914409339  29.84247415278162 
   9487-9102 161.43705240000065 1.1504476292087815 13.771862765687944  224.2587108000006   1.180605111463866 13.763480829910447 49.265617691802994  62.76516870242452  59.15643842550163   70.3789154987285 
  8593-12705        145.3663956 0.9552630891557333 14.006631088770195        183.3515844   1.284215569129718 14.227314138700857 41.473377428592464  39.77361412755918 30.173777925482305  29.50660259654191 
   8615-3701        111.0336288 1.1441048144860733 15.141466967389867         160.706568   1.955234974439713  15.33119440293353  84.79665259435464  80.81205537803606 49.793920215317954 48.600278659961816 
   7981-9102 172.39431840000003 0.6698613096780281 14.837823204584272 219.87580440000002  0.5345764735875086 14.766370015743334  44.03920278840051  49.77705891206396  63.27071425415675  93.62918177140192 
  8341-12704 29.949860400000002  1.750077119060535 14.648210943063216  63.55214280000001  2.4352352739295897  14.88750438309455 33.822328358968896  32.87942985343441  23.82467278335365   23.6643221408958 
   8466-3704  75.23989320000001 1.5414743189952091 14.768036539611915        108.1116912   2.210922069354239 14.959169885707487  44.47366362762398  41.14914833407812  30.64767962920489 30.689660566955684 
   8561-3704 146.09688000000003 1.3123184860420676 15.564636906918334 184.81255320000002  1.9269581716137731 15.821182567614631  49.71391781918131  49.10047828366056 33.530331707981496  34.04155716820749 
   8091-9101                0.0 1.2851064908974852 14.800393021805604         13.8792036  2.2403268826765514 15.363445297999162   21.8117030845266  479.1872289127192 17.611445890475025  33.43720654197898 
   9870-9101  64.28262720000001 0.9405576312817924 14.669930690261143 104.45926920000002  1.5197861164070865 15.226877053836384  30.01810180193347 29.303986097717537 17.745820752663995 16.809172801769037 
   9514-1901         34.3327668 1.0861195957706433 14.605743243638935         113.225082  1.5840580507184754 14.740371497768681  84.52358866000246   99.1390442490808  61.21663163296354  66.44876497406597 
   9487-3702                0.0 1.0372060671855623 15.455591943389345 21.184047600000003  1.5387067101284213  15.82324573745444 22.941324169904235  23.09465398439312 16.550433406163066  17.04499650382463 
   8710-6102          109.57266  0.904628890726988  14.13839079420072 149.01881760000003  1.2851410914411583 14.385719409990886  40.20404130765898 44.140647684389755 31.038146893878473  33.27915324027807 
  11833-3702                0.0 0.8121292273782866 14.114480146313895         19.7230788  0.9983545406926035 14.415339355721407 19.475311632924218 18.962390588483167 17.096993610703123 16.249979523794146 
 11944-12704 125.64331680000002 0.8358430459521177 14.341326717214066 192.11739720000003  0.8609915872520147 14.207664953490708  36.22053264203188  35.93501219772129  35.95559995055753 35.429792381279746 
   8553-1901 117.60798840000001 0.6329047913579959 13.119795513677854 135.87009840000002 0.43403186276878847 12.789914621297953  29.99082320426239 31.082741235884914  51.58725741772982  77.95395496814835 
 12071-12703         40.9071264  3.189633875773492 14.209229422981984         68.6655336   4.673316083230413 14.501339439323642 18.152635478966616 18.983125711032237  13.01097146211399 12.739726798210551 
   9887-1901         135.139614  0.963708158702055 14.455153991534774        184.0820688   1.121862409943673 14.413045336931445 29.600235913243335 31.097860545599865  32.56052246902894  34.78699436462954 
 10516-12701  79.62279960000001 1.6362648883812299 14.101463046090284  84.73619040000001  2.6136386627455477 14.475284338344416  65.03343282369846  66.31444087770753  37.28793824673171  38.51807463731145 
   7815-6104         46.7510016 0.9240561646834325   15.1919488973791  79.62279960000001   0.980562057508629 15.034482604295484  40.09107270015451 43.131521014924715 44.870975358789735 51.896521419815635 
   8132-6101 59.899720800000004 0.5555599665746758 15.521696300514014 100.07636280000001   0.725079009074192 15.781348893438459  52.61787406755677 53.538692747790556 49.527316834797624  49.39749151966589 
   8612-1901                0.0 0.9962529832116024  12.55360492503241                0.0   1.422987788910256 12.762173701787288  47.47333686068916 43.999742417893515  30.71467389130944  30.58637596613912 
  8619-12702       1042.4012388 0.8464459148655666 12.137804223838375 1023.4086444000001    0.67826569384134 11.832224550345112  75.60104281072067 58.818102524003194  86.32978509454783  83.41489929107267 
  9497-12705        224.9891952  0.523761460924448 13.925110142352802        272.4706812 0.39863192515631496 13.437043699741295  43.24978039890945  43.53212544446517  67.76452786188237  80.27103300638667 
  9502-12703 29.219376000000004 1.5275659217512525 13.601001094309972         88.3886124   2.280733260222999 13.897041229417109  49.26705979699962  50.27504490059379 33.573315150828904  35.44637725695578 
  12483-9102  83.27522160000001   2.03125399923266 15.130668825814714  84.73619040000001  1.9253214728169021 14.984146260629332  37.02593665677463 39.555389366829736  38.27826300580153  41.41228692231015 
  12511-3702         368.894622 2.6182257860150098 15.094926352571814        549.3242688   3.523915461373452 15.093814832994994 165.20212108956824 179.09208020686154 143.13210562984844  131.8776921228315 
   8326-6102  81.08376840000001 0.7199840133253941 14.767240806217337 103.72878480000001  0.6501605791455679 14.820014131593213 28.105772193652882 28.387601205959406  31.56538748577516 30.109373420411405 
   8714-3704 235.21597680000002 1.6061426894636472 14.022374688552086        265.1658372  2.6854968483030315  14.27927426045464 147.29716345559223 167.29732159515962  99.01561820593444  97.29945957458322 
   8999-3702 102.99830040000002 0.8461074716668693 15.402979025000278  92.77151880000001   1.012069643694298 15.634315108522681 201.79572478919715 189.44989728654755 135.06182724824777 137.20247868870368 
