|   plateifu|             lag_w1|            amp_w1|          const_w1|             lag_w2|             amp_w2|          const_w2|     lag_w1_yerr_min|     lag_w1_yerr_max|     lag_w2_yerr_min|    lag_w2_yerr_max|
|       char|             double|            double|            double|             double|             double|            double|              double|              double|              double|             double|
|           |                   |                  |                  |                   |                   |                  |                    |                    |                    |                   |
|       null|               null|              null|              null|               null|               null|              null|                null|                null|                null|               null|
  10223-3701                0.22  5.612946823934482 13.490747035946677               0.364   7.204759294518239 13.634898991196257 0.021413146400342614  0.02337958067134638 0.018218226881019595 0.01882581607227085 
   9000-1901                 0.0 1.9013507868307096 13.965150492470839               0.092   2.020823057755979 13.888883889184887  0.03401408348473265  0.03243944111564391  0.03608558855385564 0.03666718494088138 
   7977-9101               0.048 1.1953787278363595 14.231139129001791               0.232  1.5587900515557804  14.51728632378981  0.06037043794394907  0.06707765006136124  0.07610050740018212  0.0689813732987361 
   9186-9101               0.216 0.7857959464340765 13.411106361140826               0.264  0.7037030357706712 13.380107005455354  0.03998847423024007  0.04250471920526028  0.05578409752164146 0.07238262302782877 
   8091-6101                0.08 0.9668701176090825  14.02215346910758               0.242  1.2605725153640093 14.097740414633677  0.09534441172375023  0.09570995410783101  0.08261684751678033 0.08170598619979186 
   9487-9102               0.442 1.1504476292087815 13.771862765687944               1.498  1.5108866737890696 13.776816847764277   0.1490925606233841  0.30196571742230655    0.257269426437561   0.568210085758943 
  8593-12705               0.398 0.9552630891557333 14.006631088770195               0.502   1.284215569129718 14.227314138700857  0.11355034393230701  0.10889654625768647  0.08261306586556072 0.08078640035719287 
   8615-3701               0.304 1.1441048144860733 15.141466967389867                0.44   1.955234974439713  15.33119440293353  0.23216554000155137  0.22125607440223516  0.13633123504161881   0.133063152779065 
   7981-9102 0.47200000000000003 0.6698613096780281 14.837823204584272               0.602  0.5345764735875086 14.766370015743334  0.13749975093436112   0.1376673318931726   1.2022180642890457 0.25831171146546983 
  8341-12704               0.082  1.750077119060535 14.648210943063216 0.17400000000000002  2.4352352739295897  14.88750438309455  0.09260246586776909  0.09002089532215721  0.06522979213068382 0.06479076662252006 
   8466-3704 0.20600000000000002 1.5414743189952091 14.768036539611915               0.296   2.210922069354239 14.959169885707487  0.12176485528677676  0.11266263409342656  0.08391056572653677 0.08402550572457312 
   8561-3704                 0.4 1.3123184860420676 15.564636906918334               0.506  1.9269581716137731 15.821182567614631  0.13611219574074768  0.13443265395855286   0.0918030055343591  0.0932026944537282 
   8091-9101                 0.0 1.2851064908974852 14.800393021805604               0.038  2.2403268826765514 15.363445297999162  0.11708782816470956  0.12429011797282359  0.06760516514121177 0.06507498822544518 
   9870-9101               0.176 0.9405576312817924 14.669930690261143 0.28600000000000003  1.5197861164070865 15.226877053836384  0.08218683876598451  0.08023165476967759 0.048586446891032836 0.04602198979682259 
   9514-1901               0.094 1.0861195957706433 14.605743243638935                0.31  1.5840580507184754 14.740371497768681  0.23141791572825499   0.2714337068637764   0.1676055823586747  0.1819306886610199 
   9487-3702                 0.0 1.0372060671855623 15.455591943389345               0.058  1.5387067101284213  15.82324573745444  0.06281126378579538  0.06323106690407931  0.04531358481074494 0.04666765369342488 
   8710-6102                 0.3  0.904628890726988  14.13839079420072 0.40800000000000003  1.2851410914411583 14.385719409990886  0.11007501681804288  0.12085308785345655   0.0849796296645855 0.09111530168276849 
  11833-3702                 0.0 0.8121292273782866 14.114480146313895               0.054  0.9983545406926035 14.415339355721407 0.053321635979972234 0.051917304704886695 0.046810017053623934 0.04449096934525677 
 11944-12704 0.34400000000000003 0.8358430459521177 14.341326717214066               0.526  0.8609915872520147 14.207664953490708  0.09916853157174027  0.09838680250453341  0.09844316990358049 0.09700355649286896 
   8553-1901               0.322 0.6329047913579959 13.119795513677854               0.372 0.43403186276878847 12.789914621297953  0.10461883759621748  0.08944288975952214    1.706771836785835    0.75650355922452 
 12071-12703               0.112  3.189633875773492 14.209229422981984               0.188   4.673316083230413 14.501339439323642 0.049700268695585054  0.05197407558883457 0.035622859193472134  0.0348802159175762 
   9887-1901                0.37  0.963708158702055 14.455153991534774               0.504   1.121862409943673 14.413045336931445  0.08104275988164383  0.08514312022433296  0.08914775584264067 0.09524363385345269 
 10516-12701               0.218 1.6362648883812299 14.101463046090284               0.232  2.6136386627455477 14.475284338344416   0.1780556376664538  0.18156292147431902  0.10209099125657362 0.10545899306627615 
   7815-6104               0.128 0.9240561646834325   15.1919488973791               0.218   0.980562057508629 15.034482604295484  0.10976571902193807  0.11809019060482254  0.12285265875298564 0.14208796634073398 
   8132-6101               0.164 0.5555599665746758 15.521696300514014               0.274   0.725079009074192 15.781348893438459   0.1440629644317025  0.14658408241925647  0.13560129917845642 0.13524584924651611 
   8612-1901                 0.0 0.9962529832116024  12.55360492503241                 0.0   1.422987788910256 12.762173701787288  0.12997768839605378  0.12046730202012121  0.08409398993684038 0.08374272186001266 
  8619-12702               1.442 0.8687010162688182 12.175642613243172               1.498  0.6604014447570066 11.860224093519308  0.18644184970012034   0.1277176511367759  0.15910009768621336 0.06730867294814624 
  9497-12705               0.616  0.523761460924448 13.925110142352802               0.746 0.39863192515631496 13.437043699741295  0.11841397406682319  0.11918700918038816  0.18553312805005107 0.21977480424328477 
  9502-12703                0.08 1.5275659217512525 13.601001094309972               0.242   2.280733260222999 13.897041229417109  0.13488873902577417  0.13764851077064422   0.0919206903003785 0.09704896437748917 
  12483-9102               0.228   2.03125399923266 15.130668825814714               0.232  1.9253214728169021 14.984146260629332  0.10137365467838774  0.10829906666543387  0.10480241058070924 0.11338308366971328 
  12511-3702                1.01 2.6182257860150098 15.094926352571814               1.496  3.5203816597487516  15.09390122270958   0.4253965295224015  0.33327092865643604  0.32139614090873336 0.21247866929715653 
   8326-6102               0.222 0.7199840133253941 14.767240806217337 0.28400000000000003  0.6501605791455679 14.820014131593213  0.09038513520749578  0.07604805259475175   0.7801839191836835 0.08842016487779703 
   8714-3704               0.644 1.6061426894636472 14.022374688552086               0.726  2.6854968483030315  14.27927426045464    0.561530280170012   0.4601534818926354  0.27739668221406455  0.2719565436283551 
   8999-3702 0.28200000000000003 0.8461074716668693 15.402979025000278               0.254   1.012069643694298 15.634315108522681   0.5524983826874253   0.5186966272970307   0.3697870269323965 0.37564793632472826 
